8,5125890
9,5043423
10,5045065
0,5149000
1,5033315
2,5045345
49,5079364
48,5155191
47,5149171
50,5079183
52,5175834
63,5107000
17,5563771
16,5656440
12,7573505
28,5634661
29,5546057
30,5549011
27,5637313
53,5098804
51,5169898
54,5102451
15,5654762
56,5166912
55,5160484
14,5372358
21,5549406
13,5370298
11,5430876
34,5082985
4,5120590
3,5113653
5,5033517
58,5092249
57,5088323
22,5552256
31,5189699
33,5051110
44,5387306
62,5102034
38,4962561
36,5114309
37,4913795
35,5071080
32,5221759
42,3879289
41,3891303
25,4051667
26,4126973
23,4133375
24,3985474
6,5034685
59,5175079
60,5174575
61,5101008
46,5303967
45,5302252
43,5385466
19,5640538
20,5646013
39,4057533
18,5562451
7,5123879
40,3798984
