txs,cpus,p1,p2,p3,poll,f,c,e,as,af,pr,rio,uns,swi,flu,wmibs
743402,18.65,33,27,38,0,615279,0,0,0,0,10460578,0,0,0,0,0
749172,18.39,42,34,22,0,566224,0,0,0,0,10489207,0,0,0,0,0
743483,18.70,31,28,40,0,517305,0,0,0,0,10381171,0,0,0,0,0
742259,18.48,71,23,5,0,468005,0,0,0,0,10117221,0,0,0,0,0
747151,18.50,95,2,2,0,419884,0,0,0,0,10373158,0,0,0,0,0
732690,18.38,47,11,41,0,370494,10806,0,0,0,8484254,0,13144,2338,0,0
757204,18.81,98,0,1,0,323369,57931,0,0,0,2017767,0,74540,27415,0,0
709384,18.85,91,0,8,2,277573,103316,0,0,0,1763186,0,85979,40594,0,0
704416,18.98,86,0,13,0,230800,150441,0,0,0,1713358,0,97183,50058,0,0
708145,18.93,97,0,2,0,183335,197965,0,0,0,1788527,0,105226,57702,0,0
721985,18.87,93,0,6,0,135662,245638,0,0,0,1482440,0,110507,62834,0,0
700911,19.02,99,0,0,0,91740,289560,0,0,0,1634316,0,105588,61666,0,0
680049,19.00,99,0,0,0,45396,335904,0,0,0,1618856,0,114884,68540,0,0
706240,18.86,59,0,40,18,16261,364881,17680,17952,70,877298,57,117223,70623,17680,275
710835,19.09,32,1,66,22,19073,362218,50568,63990,130,413008,877,121117,74088,50568,788
703244,18.57,29,1,69,25,18478,362612,47817,66571,101,486481,1718,121634,75142,47819,746
715074,18.67,32,1,66,22,19081,362219,49950,70022,98,389004,2497,123826,76766,49953,779
717337,18.56,30,1,68,22,19053,362223,49726,72371,89,456906,3060,124564,77894,49728,775
703815,18.38,37,1,61,18,19049,362223,47631,63723,114,464514,3335,119911,75615,47632,743
677131,18.47,35,1,63,20,18334,362947,48620,64872,114,444887,3886,123508,78050,48622,758
692855,18.29,30,1,68,21,19069,362230,52252,74527,103,435955,4478,129349,82291,52233,814
707990,18.14,25,1,73,35,18928,362142,44321,61475,101,382984,4119,111954,71841,44245,690
601318,14.89,23,1,75,31,19072,362228,37532,59257,25,1300857,3666,94910,60958,37415,583
516482,11.93,14,0,84,60,18159,363130,32131,41844,73,568732,3435,83337,53740,31991,499
443047,10.02,18,1,80,43,19069,362230,34650,53477,31,1193368,3698,84778,54724,34417,536
462701,10.55,21,1,76,34,19063,362233,34459,56291,12,1387754,3813,87487,56839,34174,533
469040,10.75,23,1,75,30,19062,362232,35496,57868,4,1444303,4189,89663,58357,35109,547
476524,10.95,23,1,75,30,19052,362226,34470,56040,8,1507418,4272,87086,56894,34018,530
459145,10.58,23,1,75,30,19060,362232,34699,54378,15,1516653,4449,87144,56888,34156,532
458325,10.51,23,1,75,31,19059,362230,33820,52951,9,1557300,4563,84307,55052,33211,518
445922,10.20,23,1,75,31,19054,362226,33812,52671,11,1577904,4705,84837,55734,33116,516
441937,10.16,23,1,75,31,19060,362233,33403,52625,7,1625953,4758,83414,54762,32680,509
433405,9.90,23,1,75,31,19072,362228,33086,52008,4,1602607,4859,82747,54525,32267,503
431296,9.87,23,1,75,30,19073,362227,33585,51702,10,1534840,5126,83153,54695,32661,509
430163,9.83,23,1,75,31,19066,362233,32811,49284,15,1686497,5118,81301,53602,31823,496
413476,9.41,23,1,75,32,19103,362197,32867,49934,7,1665543,5316,81414,53899,31836,496
415794,9.44,23,1,75,31,19052,362229,32171,49248,7,1695040,5454,79777,53028,31121,485
405503,9.27,22,1,75,32,19073,362227,32445,47963,12,1678017,5462,80206,53225,31262,487
410377,9.33,22,1,75,32,19068,362232,31632,47385,8,1725118,5556,78214,52133,30491,475
397451,9.04,22,1,75,32,19028,362269,31803,46846,15,1702480,5693,78278,52131,30513,476
396451,9.07,22,1,75,32,19064,362230,31262,45717,13,1747800,5729,76863,51370,29957,467
386803,8.87,23,1,75,33,19078,362223,31538,45134,11,1768839,5772,77955,52195,30105,469
392330,9.02,23,1,74,32,19063,362232,31651,45696,15,1736918,5916,77753,52009,30170,470
390383,8.92,23,1,75,32,19058,362222,31533,45130,11,1750041,6066,76785,51328,30007,468
386513,8.90,23,1,75,32,19071,362229,31220,44478,14,1763398,5998,76397,51168,29711,463
380188,8.76,23,1,75,33,19069,362231,31511,45051,4,1714903,6248,76539,51274,29890,466
381984,8.73,23,1,75,32,19075,362225,30986,44437,6,1765346,6332,75814,51166,29362,458
369926,8.72,23,1,75,33,19061,362231,30245,42259,6,1814414,6287,73935,49971,28565,445
365510,8.39,23,1,75,33,19066,362234,30337,42540,8,1831651,6401,73794,49855,28633,446
366224,8.40,23,1,74,32,19074,362226,30566,42170,6,1810093,6514,74274,50230,28788,449
365962,8.38,23,1,74,33,19065,362235,30645,42943,3,1818830,6498,74440,50284,28817,449
366271,8.35,23,1,75,33,19072,362228,30337,41793,7,1832426,6820,72172,48662,28447,443
352816,8.06,22,1,75,33,19064,362237,30532,42133,7,1803282,6795,73474,49728,28637,446
358226,8.20,22,1,75,33,19074,362226,30287,41649,12,1855390,6847,72598,49169,28430,443
352036,8.02,23,1,75,33,19056,362232,29871,40297,10,1869155,6900,71646,48670,27905,435
348212,7.93,23,1,75,34,19062,362228,29634,40388,8,1899747,7020,70738,48127,27683,431
343443,7.82,22,1,75,34,19061,362231,29792,40542,5,1880187,7083,70999,48287,27839,434
340842,7.72,22,1,75,34,19061,362235,29599,40342,4,1895515,7169,70948,48514,27604,430
340561,7.73,22,1,75,34,19060,362231,29150,39132,6,1939850,7264,69215,47333,27144,423
336575,7.66,22,1,75,34,19069,362231,29277,39827,3,1926902,7226,69606,47555,27242,425
332911,7.57,23,1,74,34,19066,362234,28992,38380,5,1938351,7263,69468,47736,26874,419
334890,7.61,22,1,75,33,19139,362161,29651,39377,7,1898295,7460,69705,47587,27499,429
335604,7.70,23,1,75,33,19089,362211,29412,38802,11,1888613,7562,70039,48139,27227,424
332596,7.62,22,1,75,35,19038,362211,28639,37736,7,1939397,7498,67309,46168,26475,413
324442,7.41,22,1,75,33,19065,362235,28523,37062,12,1912811,7378,67649,46480,26415,412
320181,7.60,23,1,75,33,19063,362228,28976,38205,8,1917166,7641,68248,46920,26822,418
324330,7.39,22,1,75,34,19066,362234,28635,38259,7,1929104,7615,67466,46440,26554,414
321254,7.37,22,1,75,34,19070,362230,28531,37082,4,1939934,7742,66854,46069,26286,410
319919,7.34,22,1,75,34,19073,362226,28252,36680,6,1989381,7752,65518,45021,26148,407
311815,7.13,23,1,75,34,19135,362165,28753,36503,13,1921700,7699,67222,46230,26527,413
317618,7.31,22,1,75,34,19073,362227,28761,37177,5,1966041,7900,67360,46437,26563,414
316604,7.29,22,1,75,34,19082,362218,28343,36247,7,1974830,7784,66554,46004,26096,407
313714,7.16,22,1,75,35,19065,362235,28415,36993,9,1922707,7823,66432,45823,26203,408
312848,7.25,22,1,75,34,19073,362227,28381,37173,5,1981896,7876,66073,45576,26186,408
303557,7.01,22,1,75,35,19075,362225,28006,35313,4,2008153,7742,65129,44867,25637,399
306795,7.02,22,1,75,35,19061,362232,28155,35828,5,2005573,7900,66042,45780,25809,402
306169,7.01,22,1,75,35,19072,362229,27729,35101,8,1977283,7752,64790,44816,25441,396
301101,7.00,22,1,75,35,19055,362192,28345,35867,12,1952243,7989,66483,46164,26001,405
308645,7.24,22,1,75,36,19065,362235,27805,34686,8,1945486,7942,64872,44966,25444,396
303285,7.27,22,1,75,35,19073,362228,27681,34670,7,2007766,7893,64331,44550,25348,395
303462,6.92,22,1,75,34,19070,362227,27891,35388,7,1999887,8118,65345,45572,25489,397
300382,7.04,23,1,75,35,19068,362232,28318,35461,4,1954083,8150,66119,45947,25863,403
306484,7.16,22,1,75,34,19073,362227,27597,33868,16,1999394,8029,64450,44887,25290,394
299666,7.07,23,1,75,34,19072,362224,28025,35414,7,1988585,8193,65749,45919,25612,399
300963,6.96,22,1,75,35,19063,362226,28468,35579,2,1967387,8446,66406,46383,25986,405
302788,6.95,22,1,75,35,19063,362228,28120,35336,3,1992696,8331,65723,45932,25708,401
303579,6.94,22,1,75,34,19065,362235,28126,35684,6,1972554,8367,65923,46157,25705,401
300690,6.89,22,1,75,35,19077,362223,27861,34905,4,2004470,8413,64960,45524,25426,396
294809,6.79,23,1,75,34,19065,362235,28744,35577,11,1987272,8616,66563,46423,26237,409
306541,7.07,22,1,75,35,19069,362230,28541,35645,4,2001130,8599,66650,46713,26074,406
301986,6.93,22,1,75,35,19073,362226,27607,34388,5,2012649,8366,64416,45179,25147,392
295466,6.84,23,1,75,35,19077,362223,28508,35451,5,1982767,8609,66938,47042,25934,404
302408,6.95,22,1,75,35,19069,362220,28264,35711,4,2003219,8503,65720,45962,25723,401
301111,6.92,23,1,74,35,19069,362219,28323,35219,6,1963099,8668,66112,46458,25832,403
298332,6.86,22,1,75,35,19072,362229,27968,34977,4,2006509,8574,65126,45722,25515,398
293659,6.74,22,1,75,35,19059,362225,28341,35324,6,2006339,8723,65756,46142,25729,401
298169,6.89,22,1,75,35,19070,362230,28133,35246,2,2012826,8796,65212,45870,25603,399
291268,6.69,23,1,74,34,19065,362235,28084,34477,9,2029512,8663,65288,45862,25480,397
292353,6.74,22,1,75,35,19064,362235,28224,34880,10,2013739,8787,65363,45926,25702,401
292730,6.78,22,1,75,35,19065,362235,28367,34865,4,2011226,8755,66536,46924,25719,401
296726,6.77,22,1,75,35,19081,362219,27955,34196,8,2020909,8783,65063,45907,25393,396
292660,6.71,22,1,75,35,19125,362175,27942,34449,5,2023717,8803,64745,45650,25394,396
290828,6.63,23,1,75,34,19067,362233,27994,34593,11,2000635,8973,64919,45840,25418,396
288622,6.58,23,1,74,35,19064,362236,28345,34964,5,1983914,8967,66264,46883,25717,401
294642,6.75,23,1,75,35,19071,362229,27587,33973,4,2026024,8720,64923,46063,25073,391
287954,6.60,23,1,75,35,19066,362234,27765,33800,6,2019456,8846,64573,45649,25093,391
287040,6.59,22,1,75,35,19068,362232,28053,34448,7,2018765,9015,64844,45808,25478,397
286834,6.62,22,1,75,35,19064,362232,27500,33844,2,2047531,8910,63810,45220,24930,388
284919,6.55,22,1,75,35,19075,362225,28044,35490,1,2022858,9173,65071,46207,25598,399
287785,6.64,23,1,74,34,19068,362232,28333,34696,10,2005004,9199,65894,46753,25741,401
289493,6.70,23,1,75,35,19073,362227,28132,34525,6,2030848,9149,65377,46399,25549,398
289300,6.69,22,1,75,35,19065,362235,28026,34711,3,1985891,9118,65026,46110,25422,396
288589,6.69,23,1,74,35,19063,362229,28035,34328,7,2009027,9266,65261,46498,25346,395
287290,6.61,23,1,74,34,19074,362226,28148,34768,6,1996951,9267,64847,45969,25617,399
283176,6.57,23,1,74,34,19076,362225,28299,34790,7,1992754,9379,65636,46717,25697,400
289147,6.72,23,1,74,34,19059,362232,28225,34943,10,2031391,9338,65767,46874,25665,400
288695,6.68,23,1,74,34,19135,362165,27761,33818,11,2024502,9261,64566,46132,25236,393
280430,6.58,23,1,74,34,19056,362222,28689,35050,6,1962037,9465,66612,47331,26020,405
291184,6.71,23,1,74,35,19063,362234,27810,34008,8,2035052,9215,64219,45612,25258,394
283814,6.89,23,1,74,34,19071,362229,27915,33641,10,2019391,9374,64480,45944,25355,395
280388,6.49,23,1,75,35,19074,362226,28376,34679,8,1982256,9631,65056,46314,25763,401
281688,6.49,22,1,75,34,19069,362231,16054,20305,3,2734011,5378,37009,26328,14645,228
