1,4,190212836
2,4,91180412
3,4,92586530
4,4,94959024
5,4,285345370
6,4,186164815
7,4,185713469
8,4,190231222
9,4,378119868
10,4,279546811
11,4,286527171
12,4,283495600
13,4,472010075
14,4,373534007
15,4,376751086
16,4,377032034
17,4,565911388
18,4,469607659
19,4,469783144
20,4,476170708
21,4,662685546
22,4,565218780
23,4,563228128
24,4,567386109
25,4,756043952
26,4,662313112
27,4,667637115
28,4,666666130
29,4,850687480
30,4,751375117
31,4,756501460
32,4,759007747
33,4,943773043
34,4,845428156
35,4,846876230
36,4,847814390
37,4,1038977431
38,4,940330246
39,4,940503367
40,4,947489423
41,4,1130985478
42,4,1032209763
43,4,1040274197
44,4,1043553682
45,4,1227984184
46,4,1138328354
47,4,1134143406
48,4,1133779005
49,4,1324255459
50,4,1221326764
51,4,1225512717
52,4,1221624893
53,4,1427827106
54,4,1315521997
55,4,1326589964
56,4,1326832271
57,4,1521925483
58,4,1411396473
59,4,1427061211
60,4,1422102230
61,4,1604096742
62,4,1509597473
63,4,1507588187
64,4,1510136074
1,8,190215401
2,8,89618324
3,8,93388442
4,8,279402873609105
5,8,285484104
6,8,185992253
7,8,185089864
8,8,190990750
9,8,184578823
10,8,184043881
11,8,179288365
12,8,182592028
13,8,372454605
14,8,273261259
15,8,279036084
16,8,274356410
17,8,274287009
18,8,260762495
19,8,267997514
20,8,267475117
21,8,456855006
22,8,363058243
23,8,361619437
24,8,361275690
25,8,362079986
26,8,350098449
27,8,355644214
28,8,356199559
29,8,549632428
30,8,450199206
31,8,450360411
32,8,449292073
33,8,446486615
34,8,441477136
35,8,430881419
36,8,436259635
37,8,633559764
38,8,535142750
39,8,535626335
40,8,539844925
41,8,527917872
42,8,531466802
43,8,528118246
44,8,526142750
45,8,721274611
46,8,616624065
47,8,624249850
48,8,622765355
49,8,614752326
50,8,608961905
51,8,617609496
52,8,613979651
53,8,808118465
54,8,704738541
55,8,708388426
56,8,708979365
57,8,703585226
58,8,697429761
59,8,704278571
60,8,705673805
61,8,893761366
62,8,792734799
63,8,795424316
64,8,798909888
